00
00
00
00
00
00
00
00
00
00
00
00
00
00
00
00
00
00
00
00
00
00
00
00
00
00
00
00
00
00
00
00
00
00
00
00
00
00
00
00
00
00
00
00
00
00
00
00
00
00
00
00
00
00
00
00
00
00
00
00
00
00
00
00
00
00
00
00
00
00
00
00
00
00
00
00
00
00
00
00
00
00
00
00
00
00
00
00
00
00
00
00
00
00
74
7D
AB
FF
FF
96
5D
00
00
00
00
00
00
00
00
00
00
00
00
00
00
00
00
00
00
00
00
A9
FD
FD
FD
FD
FD
FD
DA
1E
00
00
00
00
00
00
00
00
00
00
00
00
00
00
00
00
00
00
A9
FD
FD
FD
D5
8E
B0
FD
FD
7A
00
00
00
00
00
00
00
00
00
00
00
00
00
00
00
00
00
34
FA
FD
D2
20
0C
00
06
CE
FD
8C
00
00
00
00
00
00
00
00
00
00
00
00
00
00
00
00
00
4D
FB
D2
19
00
00
00
7A
F8
FD
41
00
00
00
00
00
00
00
00
00
00
00
00
00
00
00
00
00
00
1F
12
00
00
00
00
D1
FD
FD
41
00
00
00
00
00
00
00
00
00
00
00
00
00
00
00
00
00
00
00
00
00
00
00
75
F7
FD
C6
0A
00
00
00
00
00
00
00
00
00
00
00
00
00
00
00
00
00
00
00
00
00
00
4C
F7
FD
E7
3F
00
00
00
00
00
00
00
00
00
00
00
00
00
00
00
00
00
00
00
00
00
00
00
80
FD
FD
90
00
00
00
00
00
00
00
00
00
00
00
00
00
00
00
00
00
00
00
00
00
00
00
B0
F6
FD
9F
0C
00
00
00
00
00
00
00
00
00
00
00
00
00
00
00
00
00
00
00
00
00
00
19
EA
FD
E9
23
00
00
00
00
00
00
00
00
00
00
00
00
00
00
00
00
00
00
00
00
00
00
00
C6
FD
FD
8D
00
00
00
00
00
00
00
00
00
00
00
00
00
00
00
00
00
00
00
00
00
00
00
4E
F8
FD
BD
0C
00
00
00
00
00
00
00
00
00
00
00
00
00
00
00
00
00
00
00
00
00
00
13
C8
FD
FD
8D
00
00
00
00
00
00
00
00
00
00
00
00
00
00
00
00
00
00
00
00
00
00
00
86
FD
FD
AD
0C
00
00
00
00
00
00
00
00
00
00
00
00
00
00
00
00
00
00
00
00
00
00
00
F8
FD
FD
19
00
00
00
00
00
00
00
00
00
00
00
00
00
00
00
00
00
00
00
00
00
00
00
00
F8
FD
FD
2B
14
14
14
14
05
00
05
14
14
25
96
96
96
93
0A
00
00
00
00
00
00
00
00
00
F8
FD
FD
FD
FD
FD
FD
FD
A8
8F
A6
FD
FD
FD
FD
FD
FD
FD
7B
00
00
00
00
00
00
00
00
00
AE
FD
FD
FD
FD
FD
FD
FD
FD
FD
FD
FD
F9
F7
F7
A9
75
75
39
00
00
00
00
00
00
00
00
00
00
76
7B
7B
7B
A6
FD
FD
FD
9B
7B
7B
29
00
00
00
00
00
00
00
00
00
00
00
00
00
00
00
00
00
00
00
00
00
00
00
00
00
00
00
00
00
00
00
00
00
00
00
00
00
00
00
00
00
00
00
00
00
00
00
00
00
00
00
00
00
00
00
00
00
00
00
00
00
00
00
00
00
00
00
00
00
00
00
00
00
00
00
00
00
00
00
00
00
00
00
00
00
00
00
00
00
00
00
00
00
00
00
00
00
00
00
00
00
00
00
00
00
00
00
00
00
00
00
00
00
00
00
00
00
00
00
00
00
00
00
00
00
00
00
00
00
00
00
00
00
00
00
00
00
00
00
00
00
00
00
00
00
00
00
00
00
00
00
00
00
00
00
00
00
00
00
00
00
00
00
00
00
00
00
00
00
00
00
00
00
00
00
00
00
00
00
00
00
00
00
00
00
00
00
00
00
00
00
00
00
00
00
00
00
00
00
00
00
00
00
00
00
00
00
00
00
00
00
00
00
00
00
00
00
00
00
00
00
00
00
00
00
00
00
00
00
00
00
00
00
00
00
00
00
00
00
00
00
00
00
00
00
00
00
00
00
00
00
00
00
00
00
00
00
00
00
00
00
00
00
00
00
00
00
00
00
00
00
00
00
00
00
26
FE
6D
00
00
00
00
00
00
00
00
00
00
00
00
00
00
00
00
00
00
00
00
00
00
00
00
00
57
FC
52
00
00
00
00
00
00
00
00
00
00
00
00
00
00
00
00
00
00
00
00
00
00
00
00
00
87
F1
00
00
00
00
00
00
00
00
00
00
00
00
00
00
00
00
00
00
00
00
00
00
00
00
00
2D
F4
96
00
00
00
00
00
00
00
00
00
00
00
00
00
00
00
00
00
00
00
00
00
00
00
00
00
54
FE
3F
00
00
00
00
00
00
00
00
00
00
00
00
00
00
00
00
00
00
00
00
00
00
00
00
00
CA
DF
0B
00
00
00
00
00
00
00
00
00
00
00
00
00
00
00
00
00
00
00
00
00
00
00
00
20
FE
D8
00
00
00
00
00
00
00
00
00
00
00
00
00
00
00
00
00
00
00
00
00
00
00
00
00
5F
FE
C3
00
00
00
00
00
00
00
00
00
00
00
00
00
00
00
00
00
00
00
00
00
00
00
00
00
8C
FE
4D
00
00
00
00
00
00
00
00
00
00
00
00
00
00
00
00
00
00
00
00
00
00
00
00
39
ED
CD
08
00
00
00
00
00
00
00
00
00
00
00
00
00
00
00
00
00
00
00
00
00
00
00
00
7C
FF
A5
00
00
00
00
00
00
00
00
00
00
00
00
00
00
00
00
00
00
00
00
00
00
00
00
00
AB
FE
51
00
00
00
00
00
00
00
00
00
00
00
00
00
00
00
00
00
00
00
00
00
00
00
00
18
E8
D7
00
00
00
00
00
00
00
00
00
00
00
00
00
00
00
00
00
00
00
00
00
00
00
00
00
78
FE
9F
00
00
00
00
00
00
00
00
00
00
00
00
00
00
00
00
00
00
00
00
00
00
00
00
00
97
FE
8E
00
00
00
00
00
00
00
00
00
00
00
00
00
00
00
00
00
00
00
00
00
00
00
00
00
E4
FE
42
00
00
00
00
00
00
00
00
00
00
00
00
00
00
00
00
00
00
00
00
00
00
00
00
3D
FB
FE
42
00
00
00
00
00
00
00
00
00
00
00
00
00
00
00
00
00
00
00
00
00
00
00
00
8D
FE
CD
03
00
00
00
00
00
00
00
00
00
00
00
00
00
00
00
00
00
00
00
00
00
00
00
0A
D7
FE
79
00
00
00
00
00
00
00
00
00
00
00
00
00
00
00
00
00
00
00
00
00
00
00
00
05
C6
B0
0A
00
00
00
00
00
00
00
00
00
00
00
00
00
00
00
00
00
00
00
00
00
00
00
00
00
00
00
00
00
00
00
00
00
00
00
00
00
00
00
00
00
00
00
00
00
00
00
00
00
00
00
00
00
00
00
00
00
00
00
00
00
00
00
00
00
00
00
00
00
00
00
00
00
00
00
00
00
00
00
00
00
00
00
00
00
00
00
00
00
00
00
00
00
00
00
00
00
00
00
00
00
00
00
00
00
00
00
00
00
00
00
00
00
00
00
00
00
00
00
00
00
00
00
00
00
00
00
00
00
00
00
00
00
00
00
00
00
00
00
00
00
00
00
00
00
00
00
00
00
00
00
00
00
00
00
00
00
00
00
00
00
00
00
00
00
00
00
00
00
00
00
00
00
00
00
00
00
00
00
00
00
00
00
00
00
00
00
00
00
00
00
00
00
00
00
00
00
00
00
00
00
00
00
00
00
00
00
00
00
00
00
00
00
00
00
00
00
00
00
00
00
00
00
00
00
00
00
00
00
00
00
00
00
00
00
00
00
00
00
00
00
00
00
00
00
00
00
00
00
00
0B
96
FD
CA
1F
00
00
00
00
00
00
00
00
00
00
00
00
00
00
00
00
00
00
00
00
00
00
00
25
FB
FB
FD
6B
00
00
00
00
00
00
00
00
00
00
00
00
00
00
00
00
00
00
00
00
00
00
15
C5
FB
FB
FD
6B
00
00
00
00
00
00
00
00
00
00
00
00
00
00
00
00
00
00
00
00
00
6E
BE
FB
FB
FB
FD
A9
6D
3E
00
00
00
00
00
00
00
00
00
00
00
00
00
00
00
00
00
00
00
FD
FB
FB
FB
FB
FD
FB
FB
DC
33
00
00
00
00
00
00
00
00
00
00
00
00
00
00
00
00
00
B6
FF
FD
FD
FD
FD
EA
DE
FD
FD
FD
00
00
00
00
00
00
00
00
00
00
00
00
00
00
00
00
3F
DD
FD
FB
FB
FB
93
4D
3E
80
FB
FB
69
00
00
00
00
00
00
00
00
00
00
00
00
00
00
20
E7
FB
FD
FB
DC
89
0A
00
00
1F
E6
FB
F3
71
05
00
00
00
00
00
00
00
00
00
00
00
00
25
FB
FB
FD
BC
14
00
00
00
00
00
6D
FB
FD
FB
23
00
00
00
00
00
00
00
00
00
00
00
00
25
FB
FB
C9
1E
00
00
00
00
00
00
1F
C8
FD
FB
23
00
00
00
00
00
00
00
00
00
00
00
00
25
FD
FD
00
00
00
00
00
00
00
00
20
CA
FF
FD
A4
00
00
00
00
00
00
00
00
00
00
00
00
8C
FB
FB
00
00
00
00
00
00
00
00
6D
FB
FD
FB
23
00
00
00
00
00
00
00
00
00
00
00
00
D9
FB
FB
00
00
00
00
00
00
15
3F
E7
FB
FD
E6
1E
00
00
00
00
00
00
00
00
00
00
00
00
D9
FB
FB
00
00
00
00
00
00
90
FB
FB
FB
DD
3D
00
00
00
00
00
00
00
00
00
00
00
00
00
D9
FB
FB
00
00
00
00
00
B6
DD
FB
FB
FB
B4
00
00
00
00
00
00
00
00
00
00
00
00
00
00
DA
FD
FD
49
49
E4
FD
FD
FF
FD
FD
FD
FD
00
00
00
00
00
00
00
00
00
00
00
00
00
00
00
71
FB
FB
FD
FB
FB
FB
FB
FD
FB
FB
FB
93
00
00
00
00
00
00
00
00
00
00
00
00
00
00
00
1F
E6
FB
FD
FB
FB
FB
FB
FD
E6
BD
23
0A
00
00
00
00
00
00
00
00
00
00
00
00
00
00
00
00
3E
8E
FD
FB
FB
FB
FB
FD
6B
00
00
00
00
00
00
00
00
00
00
00
00
00
00
00
00
00
00
00
00
00
48
AE
FB
AD
47
48
1E
00
00
00
00
00
00
00
00
00
00
00
00
00
00
00
00
00
00
00
00
00
00
00
00
00
00
00
00
00
00
00
00
00
00
00
00
00
00
00
00
00
00
00
00
00
00
00
00
00
00
00
00
00
00
00
00
00
00
00
00
00
00
00
00
00
00
00
00
00
00
00
00
00
00
00
00
00
00
00
00
00
00
00
00
00
00
00
00
00
00
00
00
00
00
00
00
00
00
00
00
00
00
00
00
00
00
00
00
00
00
00
00
00
00
00
00
00
00
00
00
00
00
00
00
00
00
00
00
00
00
00
00
00
00
00
00
00
00
00
00
00
00
00
00
00
00
00
00
00
00
00
00
00
00
00
00
00
00
00
00
00
00
00
00
00
00
00
00
00
00
00
00
00
00
00
00
00
00
00
00
00
00
00
00
00
00
00
00
00
00
00
00
00
00
00
00
00
00
00
00
00
00
00
00
00
00
00
00
00
00
00
00
00
00
00
00
00
00
00
00
00
00
00
00
00
00
00
00
00
00
00
00
00
00
00
00
00
00
00
00
00
00
00
00
00
00
00
00
00
00
00
00
00
00
00
00
00
00
00
00
00
00
00
00
00
00
00
00
00
00
00
00
00
32
E0
00
00
00
00
00
00
00
46
1D
00
00
00
00
00
00
00
00
00
00
00
00
00
00
00
00
00
79
E7
00
00
00
00
00
00
00
94
A8
00
00
00
00
00
00
00
00
00
00
00
00
00
00
00
00
04
C3
E7
00
00
00
00
00
00
00
60
D2
0B
00
00
00
00
00
00
00
00
00
00
00
00
00
00
00
45
FC
86
00
00
00
00
00
00
00
72
FC
15
00
00
00
00
00
00
00
00
00
00
00
00
00
00
2D
EC
D9
0C
00
00
00
00
00
00
00
C0
FC
15
00
00
00
00
00
00
00
00
00
00
00
00
00
00
A8
F7
35
00
00
00
00
00
00
00
12
FF
FD
15
00
00
00
00
00
00
00
00
00
00
00
00
00
54
F2
D3
00
00
00
00
00
00
00
00
8D
FD
BD
05
00
00
00
00
00
00
00
00
00
00
00
00
00
A9
FC
6A
00
00
00
00
00
00
00
20
E8
FA
42
00
00
00
00
00
00
00
00
00
00
00
00
00
0F
E1
FC
00
00
00
00
00
00
00
00
86
FC
D3
00
00
00
00
00
00
00
00
00
00
00
00
00
00
16
FC
A4
00
00
00
00
00
00
00
00
A9
FC
A7
00
00
00
00
00
00
00
00
00
00
00
00
00
00
09
CC
D1
12
00
00
00
00
00
00
16
FD
FD
6B
00
00
00
00
00
00
00
00
00
00
00
00
00
00
00
A9
FC
C7
55
55
55
55
81
A4
C3
FC
FC
6A
00
00
00
00
00
00
00
00
00
00
00
00
00
00
00
29
AA
F5
FC
FC
FC
FC
E8
E7
FB
FC
FC
09
00
00
00
00
00
00
00
00
00
00
00
00
00
00
00
00
00
31
54
54
54
54
00
00
A1
FC
FC
00
00
00
00
00
00
00
00
00
00
00
00
00
00
00
00
00
00
00
00
00
00
00
00
00
7F
FC
FC
2D
00
00
00
00
00
00
00
00
00
00
00
00
00
00
00
00
00
00
00
00
00
00
00
00
80
FD
FD
00
00
00
00
00
00
00
00
00
00
00
00
00
00
00
00
00
00
00
00
00
00
00
00
00
7F
FC
FC
00
00
00
00
00
00
00
00
00
00
00
00
00
00
00
00
00
00
00
00
00
00
00
00
00
87
FC
F4
00
00
00
00
00
00
00
00
00
00
00
00
00
00
00
00
00
00
00
00
00
00
00
00
00
E8
EC
6F
00
00
00
00
00
00
00
00
00
00
00
00
00
00
00
00
00
00
00
00
00
00
00
00
00
B3
42
00
00
00
00
00
00
00
00
00
00
00
00
00
00
00
00
00
00
00
00
00
00
00
00
00
00
00
00
00
00
00
00
00
00
00
00
00
00
00
00
00
00
00
00
00
00
00
00
00
00
00
00
00
00
00
00
00
00
00
00
00
00
00
00
00
00
00
00
00
00
00
00
00
00
00
00
00
00
00
00
00
00
00
00
00
00
00
00
00
00
00
00
00
00
00
00
00
00
00
00
00
00
00
00
00
00
00
00
00
00
00
00
00
00
00
00
00
00
00
00
00
00
00
00
00
00
00
00
00
00
00
00
00
00
00
00
00
00
00
00
00
00
00
00
00
00
00
00
00
00
00
00
00
00
00
00
00
00
00
00
00
00
00
00
00
00
00
00
00
00
00
00
00
00
00
00
00
00
00
00
00
00
00
00
00
00
00
00
00
00
00
00
00
00
00
00
00
00
00
00
00
00
00
00
00
00
00
00
00
00
00
00
00
00
00
00
00
00
00
00
00
00
00
00
00
00
00
00
00
00
00
00
00
00
00
00
00
00
00
00
00
00
00
00
00
00
00
00
00
00
4D
FE
6B
03
00
00
00
00
00
00
00
00
00
00
00
00
00
00
00
00
00
00
00
00
00
00
00
13
E3
FE
FE
09
00
00
00
00
00
00
00
00
00
00
00
00
00
00
00
00
00
00
00
00
00
00
00
51
FE
FE
A5
01
00
00
00
00
00
00
00
00
00
00
00
00
00
00
00
00
00
00
00
00
00
00
07
CB
FE
FE
49
00
00
00
00
00
00
00
00
00
00
00
00
00
00
00
00
00
00
00
00
00
00
00
35
FE
FE
FA
00
00
00
00
00
00
00
00
00
00
00
00
00
00
00
00
00
00
00
00
00
00
00
00
86
FE
FE
B4
00
00
00
00
00
00
00
00
00
00
00
00
00
00
00
00
00
00
00
00
00
00
00
00
C4
FE
F8
30
00
00
00
00
00
00
00
00
00
00
00
00
00
00
00
00
00
00
00
00
00
00
00
3A
FE
FE
ED
00
00
00
00
00
00
00
00
00
00
00
00
00
00
00
00
00
00
00
00
00
00
00
00
6F
FE
FE
84
00
00
00
00
00
00
00
00
00
00
00
00
00
00
00
00
00
00
00
00
00
00
00
00
A3
FE
EE
1C
00
00
00
00
00
00
00
00
00
00
00
00
00
00
00
00
00
00
00
00
00
00
00
3C
FC
FE
DF
00
00
00
00
00
00
00
00
00
00
00
00
00
00
00
00
00
00
00
00
00
00
00
00
4F
FE
FE
9A
00
00
00
00
00
00
00
00
00
00
00
00
00
00
00
00
00
00
00
00
00
00
00
00
A3
FE
EE
35
00
00
00
00
00
00
00
00
00
00
00
00
00
00
00
00
00
00
00
00
00
00
00
1C
FC
FE
D2
00
00
00
00
00
00
00
00
00
00
00
00
00
00
00
00
00
00
00
00
00
00
00
00
56
FE
FE
83
00
00
00
00
00
00
00
00
00
00
00
00
00
00
00
00
00
00
00
00
00
00
00
00
69
FE
EA
14
00
00
00
00
00
00
00
00
00
00
00
00
00
00
00
00
00
00
00
00
00
00
00
00
AF
FE
CC
05
00
00
00
00
00
00
00
00
00
00
00
00
00
00
00
00
00
00
00
00
00
00
00
05
D3
FE
C4
00
00
00
00
00
00
00
00
00
00
00
00
00
00
00
00
00
00
00
00
00
00
00
00
03
9E
FE
A0
00
00
00
00
00
00
00
00
00
00
00
00
00
00
00
00
00
00
00
00
00
00
00
00
00
1A
9D
6B
00
00
00
00
00
00
00
00
00
00
00
00
00
00
00
00
00
00
00
00
00
00
00
00
00
00
00
00
00
00
00
00
00
00
00
00
00
00
00
00
00
00
00
00
00
00
00
00
00
00
00
00
00
00
00
00
00
00
00
00
00
00
00
00
00
00
00
00
00
00
00
00
00
00
00
00
00
00
00
00
00
00
00
00
00
00
00
00
00
00
00
00
00
00
00
00
00
00
00
00
00
00
00
00
00
00
00
00
00
00
00
00
00
00
00
00
00
00
00
00
00
00
00
00
00
00
00
00
00
00
00
00
00
00
00
00
00
00
00
00
00
00
00
00
00
00
00
00
00
00
00
00
00
00
00
00
00
00
00
00
00
00
00
00
00
00
00
00
00
00
00
00
00
00
00
00
00
00
00
00
00
00
00
00
00
00
00
00
00
00
00
00
00
00
00
00
00
00
00
00
00
00
00
00
00
00
00
00
00
00
00
00
00
00
00
00
00
00
00
00
00
00
00
00
00
00
00
00
00
00
00
00
00
00
00
00
00
00
00
00
00
00
00
00
00
00
00
16
C0
86
20
00
00
00
00
00
00
00
00
0F
4D
05
00
00
00
00
00
00
00
00
00
00
00
00
11
EB
FA
A9
00
00
00
00
00
00
00
00
0F
DC
F1
25
00
00
00
00
00
00
00
00
00
00
00
14
BD
FD
93
00
00
00
00
00
00
00
00
00
8B
FD
64
00
00
00
00
00
00
00
00
00
00
00
00
46
FD
FD
15
00
00
00
00
00
00
00
00
2B
FE
AD
0D
00
00
00
00
00
00
00
00
00
00
00
16
99
FD
60
00
00
00
00
00
00
00
00
2B
E7
FE
5C
00
00
00
00
00
00
00
00
00
00
00
00
A3
FF
CC
0B
00
00
00
00
00
00
00
00
68
FE
9E
00
00
00
00
00
00
00
00
00
00
00
00
00
A2
FD
B2
05
00
00
00
00
00
00
09
83
ED
FD
00
00
00
00
00
00
00
00
00
00
00
00
00
00
A2
FD
FD
BF
AF
46
46
46
46
85
C5
FD
FD
A9
00
00
00
00
00
00
00
00
00
00
00
00
00
00
33
E4
FD
FD
FE
FD
FD
FD
FD
FE
FD
FD
DB
23
00
00
00
00
00
00
00
00
00
00
00
00
00
00
00
11
41
89
FE
E8
89
89
89
2C
FD
FD
A1
00
00
00
00
00
00
00
00
00
00
00
00
00
00
00
00
00
00
00
00
00
00
00
00
22
FE
CE
15
00
00
00
00
00
00
00
00
00
00
00
00
00
00
00
00
00
00
00
00
00
00
00
00
A0
FD
45
00
00
00
00
00
00
00
00
00
00
00
00
00
00
00
00
00
00
00
00
00
00
00
00
55
FE
F1
32
00
00
00
00
00
00
00
00
00
00
00
00
00
00
00
00
00
00
00
00
00
00
00
00
9E
FE
A5
00
00
00
00
00
00
00
00
00
00
00
00
00
00
00
00
00
00
00
00
00
00
00
00
00
E7
F4
32
00
00
00
00
00
00
00
00
00
00
00
00
00
00
00
00
00
00
00
00
00
00
00
00
68
FE
E8
00
00
00
00
00
00
00
00
00
00
00
00
00
00
00
00
00
00
00
00
00
00
00
00
00
D0
FD
9D
00
0D
1E
00
00
00
00
00
00
00
00
00
00
00
00
00
00
00
00
00
00
00
00
00
00
D0
FD
9A
5B
CC
A1
00
00
00
00
00
00
00
00
00
00
00
00
00
00
00
00
00
00
00
00
00
00
D0
FD
FE
FD
9A
1D
00
00
00
00
00
00
00
00
00
00
00
00
00
00
00
00
00
00
00
00
00
00
3D
BE
80
17
06
00
00
00
00
00
00
00
00
00
00
00
00
00
00
00
00
00
00
00
00
00
00
00
00
00
00
00
00
00
00
00
00
00
00
00
00
00
00
00
00
00
00
00
00
00
00
00
00
00
00
00
00
00
00
00
00
00
00
00
00
00
00
00
00
00
00
00
00
00
00
00
00
00
00
00
00
00
00
00
00
00
00
00
00
00
00
00
00
00
00
00
00
00
00
00
00
00
00
00
00
00
00
00
00
00
00
00
00
00
00
00
00
00
00
00
00
00
00
00
00
00
00
00
00
00
00
00
00
00
00
00
00
00
00
00
00
00
00
00
00
00
00
00
00
00
00
00
00
00
00
00
00
00
00
00
00
00
00
00
00
00
00
00
00
00
00
00
00
00
00
00
00
00
00
00
00
00
00
00
00
00
00
00
00
00
00
00
00
00
00
00
00
00
00
00
00
00
00
00
00
00
00
00
00
00
00
00
00
00
00
00
00
00
00
00
00
00
00
00
00
00
00
00
00
00
00
00
00
00
00
00
00
00
00
00
00
00
00
00
00
00
00
00
00
00
00
00
00
00
00
00
00
00
00
00
00
00
00
00
00
00
00
00
00
00
00
00
00
00
00
00
00
00
0E
95
C1
05
00
00
00
00
00
00
00
00
00
00
00
00
00
00
00
00
00
00
00
00
00
00
00
5B
E0
FD
FD
13
00
00
00
00
00
00
00
00
00
00
00
00
00
00
00
00
00
00
00
00
00
00
1C
EB
FE
FD
FD
A6
12
00
00
00
00
00
00
00
00
00
00
00
00
00
00
00
00
00
00
00
00
00
90
FD
FE
FD
FD
FD
EE
73
06
00
00
00
00
00
00
00
00
00
00
00
00
00
00
00
00
00
00
1F
F1
FD
D0
B9
FD
FD
FD
E7
18
00
00
00
00
00
00
00
00
00
00
00
00
00
00
00
00
00
00
4F
FE
C1
00
08
62
DB
FE
FF
C9
12
00
00
00
00
00
00
00
00
00
00
00
00
00
00
00
00
00
56
FD
50
00
00
00
B6
FD
FE
BF
0C
00
00
00
00
00
00
00
00
00
00
00
00
00
00
00
00
00
AF
FD
9B
00
00
00
EA
FD
FE
87
00
00
00
00
00
00
00
00
00
00
00
00
00
00
00
00
00
00
56
FD
D0
28
55
A6
FB
ED
FE
EC
2A
00
00
00
00
00
00
00
00
00
00
00
00
00
00
00
00
00
12
EE
FD
FE
FD
FD
B9
24
D8
FD
98
00
00
00
00
00
00
00
00
00
00
00
00
00
00
00
00
00
00
44
F0
FF
FE
91
08
00
86
FE
DF
23
00
00
00
00
00
00
00
00
00
00
00
00
00
00
00
00
00
00
44
9E
8E
0C
00
00
09
AF
FD
A1
00
00
00
00
00
00
00
00
00
00
00
00
00
00
00
00
00
00
00
00
00
00
00
00
00
58
FD
E2
12
00
00
00
00
00
00
00
00
00
00
00
00
00
00
00
00
00
00
00
00
00
00
00
00
02
A6
FD
7E
00
00
00
00
00
00
00
00
00
00
00
00
00
00
00
00
00
00
00
00
00
00
00
00
00
30
F5
FD
26
00
00
00
00
00
00
00
00
00
00
00
00
00
00
00
00
00
00
00
00
00
00
00
00
00
73
FE
AC
09
00
00
00
00
00
00
00
00
00
00
00
00
00
00
00
00
00
00
00
00
00
00
00
00
15
DA
FE
2E
00
00
00
00
00
00
00
00
00
00
00
00
00
00
00
00
00
00
00
00
00
00
00
00
00
1E
FE
A5
00
00
00
00
00
00
00
00
00
00
00
00
00
00
00
00
00
00
00
00
00
00
00
00
00
00
BA
F4
2A
00
00
00
00
00
00
00
00
00
00
00
00
00
00
00
00
00
00
00
00
00
00
00
00
00
0E
DF
4E
00
00
00
00
00
00
00
00
00
00
00
00
00
00
00
00
00
00
00
00
00
00
00
00
00
00
00
00
00
00
00
00
00
00
00
00
00
00
00
00
00
00
00
00
00
00
00
00
00
00
00
00
00
00
00
00
00
00
00
00
00
00
00
00
00
00
00
00
00
00
00
00
00
00
00
00
00
00
00
00
00
00
00
00
00
00
00
00
00
00
00
00
00
00
00
00
00
00
00
00
00
00
00
00
00
00
00
00
00
00
00
00
00
00
00
00
00
00
00
00
00
00
00
00
00
00
00
00
00
00
00
00
00
00
00
00
00
00
00
00
00
00
00
00
00
00
00
00
00
00
00
00
00
00
00
00
00
00
00
00
00
00
00
00
00
00
00
00
00
00
00
00
00
00
00
00
00
00
00
00
00
00
00
00
00
00
00
00
00
11
2F
2F
2F
10
81
55
2F
00
00
00
00
00
00
00
00
00
00
00
00
00
00
00
00
00
00
4B
99
D9
FD
FD
FD
D7
F6
FD
FD
00
00
00
00
00
00
00
00
00
00
00
00
00
00
00
23
8E
F4
FC
FD
FD
FD
FD
FD
FD
FD
FD
FD
00
00
00
00
00
00
00
00
00
00
00
00
00
00
00
3F
FD
FD
FD
FD
FD
FD
FD
D5
AA
AA
AA
AA
00
00
00
00
00
00
00
00
00
00
00
14
84
48
00
39
EE
E3
EE
A8
7C
45
14
0B
00
00
00
00
00
00
00
00
00
00
00
00
00
00
0B
CE
FD
4E
00
00
20
00
1E
02
00
00
00
00
00
00
00
00
00
00
00
00
00
00
00
00
00
06
B1
FD
84
0A
00
00
00
00
00
00
00
00
00
00
00
00
00
00
00
00
00
00
00
00
00
00
0C
85
FD
E9
0F
00
00
00
00
00
00
00
00
00
00
00
00
00
00
00
00
00
00
00
00
00
00
00
5C
FD
DF
1C
00
00
00
00
00
00
00
00
00
00
00
00
00
00
00
00
00
00
00
00
00
00
00
00
96
FD
AE
00
00
00
00
00
00
00
00
00
00
00
00
00
00
00
00
00
00
00
00
00
00
00
00
00
EA
FD
F6
7F
31
00
00
00
00
00
00
00
00
00
00
00
00
00
00
00
00
00
00
00
00
00
00
00
FF
FD
FD
FD
FB
93
5B
79
55
2A
2A
55
1C
00
00
00
00
00
00
00
00
00
00
00
00
00
00
00
8B
FD
FD
FD
FD
FD
FD
FD
FD
FD
FD
FD
E8
A8
00
00
00
00
00
00
00
00
00
00
00
00
00
00
03
35
DA
DE
FB
FD
FD
FD
FD
FD
FD
FD
FD
FC
7C
00
00
00
00
00
00
00
00
00
00
00
00
00
00
00
00
00
43
48
C8
FD
FD
FD
FD
FD
FD
FD
AF
00
00
00
00
00
00
00
00
00
00
00
00
00
00
00
00
00
00
00
78
FD
F9
98
33
A4
FD
FD
AF
00
00
00
00
00
00
00
00
00
00
00
00
00
00
00
00
00
00
00
32
FD
FD
FD
BC
FC
FD
FD
94
00
00
00
00
00
00
00
00
00
00
00
00
00
00
00
00
00
00
00
09
A7
FD
FD
FD
FD
FA
AF
0B
00
00
00
00
00
00
00
00
00
00
00
00
00
00
00
00
00
00
00
00
17
B4
E7
FD
DD
80
00
00
00
00
00
00
00
00
00
00
00
00
00
00
00
00
00
00
00
00
00
00
00
00
5D
95
16
00
00
00
00
00
00
00
00
00
00
00
00
00
00
00
00
00
00
00
00
00
00
00
00
00
00
00
00
00
00
00
00
00
00
00
00
00
00
00
00
00
00
00
00
00
00
00
00
00
00
00
00
00
00
00
00
00
00
00
00
00
00
00
00
00
00
00
00
00
00
00
00
00
00
00
00
00
00
00
00
00
00
00
00
00
00
00
00
00
00
00
00
00
00
00
00
00
00
00
00
00
00
00
00
00
00
00
00
00
00
00
00
00
00
00
00
00
00
00
00
00
00
00
00
00
00
00
00
00
00
00
00
00
00
00
00
00
00
00
00
00
00
00
00
00
00
00
00
00
00
00
00
00
00
00
00
00
00
00
00
00
00
00
00
00
00
00
00
00
00
00
00
00
00
00
00
00
00
00
00
00
00
00
00
00
00
00
00
00
00
00
00
00
00
00
00
00
00
00
00
00
00
00
00
00
00
00
00
00
00
00
00
00
00
00
00
00
00
00
00
00
00
00
00
00
00
00
00
00
00
00
00
00
00
00
00
00
00
00
00
00
00
00
00
00
00
00
00
00
00
00
00
00
00
00
00
00
00
00
00
00
00
00
00
00
00
00
00
00
00
00
00
00
00
00
00
00
00
00
00
00
00
00
00
00
00
00
00
00
00
00
00
00
00
00
00
00
00
00
00
00
00
00
00
00
00
00
00
00
00
00
00
00
00
00
00
00
00
00
00
00
00
00
00
00
00
00
00
00
00
00
00
24
38
89
C9
C7
5F
25
00
00
00
00
00
00
00
00
00
00
00
00
00
00
00
00
00
00
00
2D
98
EA
FE
FE
FE
FE
FE
FA
D3
97
06
00
00
00
00
00
00
00
00
00
00
00
00
00
00
2E
99
F0
FE
FE
E3
A6
85
FB
C8
FE
E5
E1
68
00
00
00
00
00
00
00
00
00
00
00
00
00
99
EA
FE
FE
BB
8E
08
00
00
BF
28
C6
F6
DF
FD
15
00
00
00
00
00
00
00
00
00
00
08
7E
FD
FE
E9
80
0B
00
00
00
00
D2
2B
46
FE
FE
FE
15
00
00
00
00
00
00
00
00
00
00
48
F3
FE
E4
36
00
00
00
00
03
20
74
E1
F2
FE
FF
A2
05
00
00
00
00
00
00
00
00
00
00
4B
F0
FE
DF
6D
8A
B2
B2
A9
D2
FB
E7
FE
FE
FE
E8
26
00
00
00
00
00
00
00
00
00
00
00
09
AF
F4
FD
FF
FE
FE
FB
FE
FE
FE
FE
FE
FC
AB
19
00
00
00
00
00
00
00
00
00
00
00
00
00
00
10
88
C3
B0
92
99
C8
FE
FE
FE
FE
96
10
00
00
00
00
00
00
00
00
00
00
00
00
00
00
00
00
00
00
00
00
00
A2
FE
FE
F1
63
03
00
00
00
00
00
00
00
00
00
00
00
00
00
00
00
00
00
00
00
00
00
76
FA
FE
FE
5A
00
00
00
00
00
00
00
00
00
00
00
00
00
00
00
00
00
00
00
00
00
00
64
F2
FE
FE
D3
07
00
00
00
00
00
00
00
00
00
00
00
00
00
00
00
00
00
00
00
00
00
36
F1
FE
FE
F2
3B
00
00
00
00
00
00
00
00
00
00
00
00
00
00
00
00
00
00
00
00
00
00
83
FE
FE
F4
40
00
00
00
00
00
00
00
00
00
00
00
00
00
00
00
00
00
00
00
00
00
00
0D
F9
FE
FE
98
00
00
00
00
00
00
00
00
00
00
00
00
00
00
00
00
00
00
00
00
00
00
0C
E4
FE
FE
D0
08
00
00
00
00
00
00
00
00
00
00
00
00
00
00
00
00
00
00
00
00
00
00
4E
FF
FE
FE
42
00
00
00
00
00
00
00
00
00
00
00
00
00
00
00
00
00
00
00
00
00
00
00
D1
FE
FE
89
00
00
00
00
00
00
00
00
00
00
00
00
00
00
00
00
00
00
00
00
00
00
00
00
E3
FF
E9
19
00
00
00
00
00
00
00
00
00
00
00
00
00
00
00
00
00
00
00
00
00
00
00
00
71
FF
6C
00
00
00
00
00
00
00
00
00
00
00
00
00
00
00
00
00
00
00
00
00
00
00
00
00
00
00
00
00
00
00
00
00
00
00
00
00
00
00
00
00
00
00
00
00
00
00
00
00
00
00
00
00
00
00
00
00
00
00
00
00
00
00
00
00
00
00
00
00
00
00
00
00
00
00
00
00
00
00
00
00
00
00
00
00
00
00
00
00
00
00
00
00
00
00
00
00
00
00
00
00
00
00
00
00
00
00
00
00
00
00
00
00
00
00
00
00
00
00
00
00
00
00
00
00
00
00
00
00
00
00
00
00
00
00
00
00
00
00
00
00
00
00
00
00
00
00
00
00
00
00
00
00
00
00
00
00
00
00
00
00
00
00
00
00
00
00
3D
03
2A
76
C1
76
76
3D
00
00
00
00
00
00
00
00
00
00
00
00
00
00
00
00
00
00
0E
B3
F5
EC
F2
FE
FE
FE
FE
F5
EB
54
00
00
00
00
00
00
00
00
00
00
00
00
00
00
00
00
97
FE
FE
FE
D5
C0
B2
B2
B4
FE
FE
F1
2E
00
00
00
00
00
00
00
00
00
00
00
00
00
00
2B
EB
FE
E2
40
1C
0C
00
00
02
80
FC
FF
AD
11
00
00
00
00
00
00
00
00
00
00
00
00
00
38
FE
FD
6B
00
00
00
00
00
00
00
86
FA
FE
4B
00
00
00
00
00
00
00
00
00
00
00
00
00
3F
FE
9E
00
00
00
00
00
00
00
00
00
DD
FE
9D
00
00
00
00
00
00
00
00
00
00
00
00
00
C2
FE
67
00
00
00
00
00
00
00
00
00
96
FE
D5
00
00
00
00
00
00
00
00
00
00
00
00
22
DC
EF
3A
00
00
00
00
00
00
00
00
00
54
FE
D5
00
00
00
00
00
00
00
00
00
00
00
00
7E
FE
AB
00
00
00
00
00
00
00
00
00
00
54
FE
D5
00
00
00
00
00
00
00
00
00
00
00
00
D6
EF
3C
00
00
00
00
00
00
00
00
00
00
54
FE
D5
00
00
00
00
00
00
00
00
00
00
00
00
D6
C7
00
00
00
00
00
00
00
00
00
00
00
54
FE
D5
00
00
00
00
00
00
00
00
00
00
00
0B
DB
C7
00
00
00
00
00
00
00
00
00
00
00
54
FE
D5
00
00
00
00
00
00
00
00
00
00
00
62
FE
C7
00
00
00
00
00
00
00
00
00
00
00
A2
FE
D1
00
00
00
00
00
00
00
00
00
00
00
62
FE
C7
00
00
00
00
00
00
00
00
00
00
33
EE
FE
4B
00
00
00
00
00
00
00
00
00
00
00
62
FE
C7
00
00
00
00
00
00
00
00
00
33
A5
FE
C3
04
00
00
00
00
00
00
00
00
00
00
00
42
F1
C7
00
00
00
00
00
00
00
00
03
A7
FE
E3
37
00
00
00
00
00
00
00
00
00
00
00
00
00
D6
D5
14
00
00
00
00
00
2E
98
CA
FE
FE
3F
00
00
00
00
00
00
00
00
00
00
00
00
00
00
D6
FE
CC
B4
B4
B4
B4
B4
EB
FE
FE
EA
9C
0A
00
00
00
00
00
00
00
00
00
00
00
00
00
00
51
CD
FE
FE
FE
FE
FE
FE
FE
FC
EA
78
00
00
00
00
00
00
00
00
00
00
00
00
00
00
00
00
00
1A
D2
FE
FE
FE
FE
FE
99
68
00
00
00
00
00
00
00
00
00
00
00
00
00
00
00
00
00
00
00
00
00
00
00
00
00
00
00
00
00
00
00
00
00
00
00
00
00
00
00
00
00
00
00
00
00
00
00
00
00
00
00
00
00
00
00
00
00
00
00
00
00
00
00
00
00
00
00
00
00
00
00
00
00
00
00
00
00
00
00
00
00
00
00
00
00
00
00
00
00
00
00
00
00
00
00
00
00
00
00
00
00
00
00
00
00
00
00
00
00
00
00
00
00
00
00
00
00
00
00
00
00
00
00
